name: streamlit_app
channels:
  - conda-forge
  - defaults
dependencies:
  - beautifulsoup4=4.11.2=pyha770c72_0
  - brotlipy=0.7.0=py39ha55989b_1005
  - bzip2=1.0.8=h8ffe710_4
  - ca-certificates=2022.12.7=h5b45459_0
  - certifi=2022.12.7=pyhd8ed1ab_0
  - cffi=1.15.1=py39h68f70e3_3
  - charset-normalizer=2.1.1=pyhd8ed1ab_0
  - cryptography=39.0.1=py39hb6bd5e6_0
  - idna=3.4=pyhd8ed1ab_0
  - intel-openmp=2023.0.0=h57928b3_25922
  - libblas=3.9.0=16_win64_mkl
  - libcblas=3.9.0=16_win64_mkl
  - libffi=3.4.2=h8ffe710_5
  - libhwloc=2.8.0=h039e092_1
  - libiconv=1.17=h8ffe710_0
  - liblapack=3.9.0=16_win64_mkl
  - libsqlite=3.40.0=hcfcfb64_0
  - libxml2=2.10.3=hc3477c8_0
  - libzlib=1.2.13=hcfcfb64_4
  - mkl=2022.1.0=h6a75c08_874
  - numpy=1.24.2=py39h16ffa76_0
  - openssl=3.0.8=hcfcfb64_0
  - pandas=1.5.3=py39h2ba5b7c_0
  - pip=23.0.1=pyhd8ed1ab_0
  - pthreads-win32=2.9.1=hfa6e2cd_3
  - pycparser=2.21=pyhd8ed1ab_0
  - pyopenssl=23.0.0=pyhd8ed1ab_0
  - pysocks=1.7.1=pyh0701188_6
  - python=3.9.16=h4de0772_0_cpython
  - python-dateutil=2.8.2=pyhd8ed1ab_0
  - python_abi=3.9=3_cp39
  - pytz=2022.7.1=pyhd8ed1ab_0
  - requests=2.28.2=pyhd8ed1ab_0
  - setuptools=67.3.2=pyhd8ed1ab_0
  - six=1.16.0=pyh6c4a22f_0
  - soupsieve=2.3.2.post1=pyhd8ed1ab_0
  - tbb=2021.7.0=h91493d7_1
  - tk=8.6.12=h8ffe710_0
  - tzdata=2022g=h191b570_0
  - ucrt=10.0.22621.0=h57928b3_0
  - urllib3=1.26.14=pyhd8ed1ab_0
  - vc=14.3=hb6edc58_10
  - vs2015_runtime=14.34.31931=h4c5c07a_10
  - wheel=0.38.4=pyhd8ed1ab_0
  - win_inet_pton=1.1.0=pyhd8ed1ab_6
  - xz=5.2.6=h8d14728_0
prefix: C:\Users\sharp\miniconda3\envs\streamlit_app
